x
-1 1
1 -8.279030000000001 5.40034
2 -9.2844 8.543839999999999
3 -4.43383 9.72715
4 -8.52924 7.9861
5 -6.74028 6.97937
6 -9.1282 11.897
7 -5.24527 8.32009
8 -7.071 7.00617
9 -7.97342 6.71177
10 -9.13284 9.29861
11 -6.2674 7.26938
12 -7.47835 9.237959999999999
13 -9.17559 6.18084
14 -10.9609 11.3274
15 -7.0629 7.94795
16 -7.4818 7.67754
17 -7.98601 7.82665
18 -8.086259999999999 9.74628
19 -7.9395 7.536
20 -7.11357 8.50394
21 -7.99991 7.1591
22 -5.99418 6.68067
23 -12.7016 13.1737
24 -6.19107 6.51498
25 -6.0394 6.1658
26 -7.70993 8.31819
27 -6.9121 6.68748
28 -7.93097 9.687250000000001
29 -9.120979999999999 8.289429999999999
30 -6.55153 5.60114
31 -7.56021 8.07948
32 -7.15056 6.96759
33 -9.40396 10.1876
34 -6.76935 6.85832
35 -8.10444 6.7834
36 -12.7896 12.1571
37 -8.279210000000001 8.139060000000001
38 -8.19061 6.86942
39 -6.46988 6.5749
40 -6.33442 5.55889
41 -8.279030000000001 5.40034
42 -9.2844 8.543839999999999
43 -4.43383 9.72715
44 -8.52924 7.9861
45 -6.74028 6.97937
46 -9.1282 11.897
47 -5.24527 8.32009
48 -7.071 7.00617
49 -7.97342 6.71177
50 -9.13284 9.29861
51 -6.2674 7.26938
52 -7.47835 9.237959999999999
53 -9.17559 6.18084
54 -10.9609 11.3274
55 -7.0629 7.94795
56 -7.4818 7.67754
57 -7.98601 7.82665
58 -8.086259999999999 9.74628
59 -7.9395 7.536
60 -7.11357 8.50394
61 -7.99991 7.1591
62 -5.99418 6.68067
63 -12.7016 13.1737
64 -6.19107 6.51498
65 -6.0394 6.1658
66 -7.70993 8.31819
67 -6.9121 6.68748
68 -7.93097 9.687250000000001
69 -9.120979999999999 8.289429999999999
70 -6.55153 5.60114
71 -7.56021 8.07948
72 -7.15056 6.96759
73 -9.40396 10.1876
74 -6.76935 6.85832
75 -8.10444 6.7834
76 -12.7896 12.1571
77 -8.279210000000001 8.139060000000001
78 -8.19061 6.86942
79 -6.46988 6.5749
80 -6.33442 5.55889
81 -8.279030000000001 5.40034
82 -9.2844 8.543839999999999
83 -4.43383 9.72715
84 -8.52924 7.9861
85 -6.74028 6.97937
86 -9.1282 11.897
87 -5.24527 8.32009
88 -7.071 7.00617
89 -7.97342 6.71177
90 -9.13284 9.29861
91 -6.2674 7.26938
92 -7.47835 9.237959999999999
93 -9.17559 6.18084
94 -10.9609 11.3274
95 -7.0629 7.94795
96 -7.4818 7.67754
97 -7.98601 7.82665
98 -8.086259999999999 9.74628
99 -7.9395 7.536
100 -7.11357 8.50394
101 -7.99991 7.1591
102 -5.99418 6.68067
103 -12.7016 13.1737
104 -6.19107 6.51498
105 -6.0394 6.1658
106 -7.70993 8.31819
107 -6.9121 6.68748
108 -7.93097 9.687250000000001
109 -9.120979999999999 8.289429999999999
110 -6.55153 5.60114
111 -7.56021 8.07948
112 -7.15056 6.96759
113 -9.40396 10.1876
114 -6.76935 6.85832
115 -8.10444 6.7834
116 -12.7896 12.1571
117 -8.279210000000001 8.139060000000001
118 -8.19061 6.86942
119 -6.46988 6.5749
120 -6.33442 5.55889
121 -8.279030000000001 5.40034
122 -9.2844 8.543839999999999
123 -4.43383 9.72715
124 -8.52924 7.9861
125 -6.74028 6.97937
126 -9.1282 11.897
127 -5.24527 8.32009
128 -7.071 7.00617
129 -7.97342 6.71177
130 -9.13284 9.29861
131 -6.2674 7.26938
132 -7.47835 9.237959999999999
133 -9.17559 6.18084
134 -10.9609 11.3274
135 -7.0629 7.94795
136 -7.4818 7.67754
137 -7.98601 7.82665
138 -8.086259999999999 9.74628
139 -7.9395 7.536
140 -7.11357 8.50394
141 -7.99991 7.1591
142 -5.99418 6.68067
143 -12.7016 13.1737
144 -6.19107 6.51498
145 -6.0394 6.1658
146 -7.70993 8.31819
147 -6.9121 6.68748
148 -7.93097 9.687250000000001
149 -9.120979999999999 8.289429999999999
150 -6.55153 5.60114
151 -7.56021 8.07948
152 -7.15056 6.96759
153 -9.40396 10.1876
154 -6.76935 6.85832
155 -8.10444 6.7834
156 -12.7896 12.1571
157 -8.279210000000001 8.139060000000001
158 -8.19061 6.86942
159 -6.46988 6.5749
160 -6.33442 5.55889
161 -8.279030000000001 5.40034
162 -9.2844 8.543839999999999
163 -4.43383 9.72715
164 -8.52924 7.9861
165 -6.74028 6.97937
166 -9.1282 11.897
167 -5.24527 8.32009
168 -7.071 7.00617
169 -7.97342 6.71177
170 -9.13284 9.29861
171 -6.2674 7.26938
172 -7.47835 9.237959999999999
173 -9.17559 6.18084
174 -10.9609 11.3274
175 -7.0629 7.94795
176 -7.4818 7.67754
177 -7.98601 7.82665
178 -8.086259999999999 9.74628
179 -7.9395 7.536
180 -7.11357 8.50394
181 -7.99991 7.1591
182 -5.99418 6.68067
183 -12.7016 13.1737
184 -6.19107 6.51498
185 -6.0394 6.1658
186 -7.70993 8.31819
187 -6.9121 6.68748
188 -7.93097 9.687250000000001
189 -9.120979999999999 8.289429999999999
190 -6.55153 5.60114
191 -7.56021 8.07948
192 -7.15056 6.96759
193 -9.40396 10.1876
194 -6.76935 6.85832
195 -8.10444 6.7834
196 -12.7896 12.1571
197 -8.279210000000001 8.139060000000001
198 -8.19061 6.86942
199 -6.46988 6.5749
200 -6.33442 5.55889
201 -8.279030000000001 5.40034
202 -9.2844 8.543839999999999
203 -4.43383 9.72715
204 -8.52924 7.9861
205 -6.74028 6.97937
206 -9.1282 11.897
207 -5.24527 8.32009
208 -7.071 7.00617
209 -7.97342 6.71177
210 -9.13284 9.29861
211 -6.2674 7.26938
212 -7.47835 9.237959999999999
213 -9.17559 6.18084
214 -10.9609 11.3274
215 -7.0629 7.94795
216 -7.4818 7.67754
217 -7.98601 7.82665
218 -8.086259999999999 9.74628
219 -7.9395 7.536
220 -7.11357 8.50394
221 -7.99991 7.1591
222 -5.99418 6.68067
223 -12.7016 13.1737
224 -6.19107 6.51498
225 -6.0394 6.1658
226 -7.70993 8.31819
227 -6.9121 6.68748
228 -7.93097 9.687250000000001
229 -9.120979999999999 8.289429999999999
230 -6.55153 5.60114
231 -7.56021 8.07948
232 -7.15056 6.96759
233 -9.40396 10.1876
234 -6.76935 6.85832
235 -8.10444 6.7834
236 -12.7896 12.1571
237 -8.279210000000001 8.139060000000001
238 -8.19061 6.86942
239 -6.46988 6.5749
240 -6.33442 5.55889
241 -8.279030000000001 5.40034
242 -9.2844 8.543839999999999
243 -4.43383 9.72715
244 -8.52924 7.9861
245 -6.74028 6.97937
246 -9.1282 11.897
247 -5.24527 8.32009
248 -7.071 7.00617
249 -7.97342 6.71177
250 -9.13284 9.29861
251 -6.2674 7.26938
252 -7.47835 9.237959999999999
253 -9.17559 6.18084
254 -10.9609 11.3274
255 -7.0629 7.94795
256 -7.4818 7.67754
257 -7.98601 7.82665
258 -8.086259999999999 9.74628
259 -7.9395 7.536
260 -7.11357 8.50394
261 -7.99991 7.1591
262 -5.99418 6.68067
263 -12.7016 13.1737
264 -6.19107 6.51498
265 -6.0394 6.1658
266 -7.70993 8.31819
267 -6.9121 6.68748
268 -7.93097 9.687250000000001
269 -9.120979999999999 8.289429999999999
270 -6.55153 5.60114
271 -7.56021 8.07948
272 -7.15056 6.96759
273 -9.40396 10.1876
274 -6.76935 6.85832
275 -8.10444 6.7834
276 -12.7896 12.1571
277 -8.279210000000001 8.139060000000001
278 -8.19061 6.86942
279 -6.46988 6.5749
280 -6.33442 5.55889
281 -8.279030000000001 5.40034
282 -9.2844 8.543839999999999
283 -4.43383 9.72715
284 -8.52924 7.9861
285 -6.74028 6.97937
286 -9.1282 11.897
287 -5.24527 8.32009
288 -7.071 7.00617
289 -7.97342 6.71177
290 -9.13284 9.29861
291 -6.2674 7.26938
292 -7.47835 9.237959999999999
293 -9.17559 6.18084
294 -10.9609 11.3274
295 -7.0629 7.94795
296 -7.4818 7.67754
297 -7.98601 7.82665
298 -8.086259999999999 9.74628
299 -7.9395 7.536
300 -7.11357 8.50394
301 -7.99991 7.1591
302 -5.99418 6.68067
303 -12.7016 13.1737
304 -6.19107 6.51498
305 -6.0394 6.1658
306 -7.70993 8.31819
307 -6.9121 6.68748
308 -7.93097 9.687250000000001
309 -9.120979999999999 8.289429999999999
310 -6.55153 5.60114
311 -7.56021 8.07948
312 -7.15056 6.96759
313 -9.40396 10.1876
314 -6.76935 6.85832
315 -8.10444 6.7834
316 -12.7896 12.1571
317 -8.279210000000001 8.139060000000001
318 -8.19061 6.86942
319 -6.46988 6.5749
320 -6.33442 5.55889
321 -8.279030000000001 5.40034
322 -9.2844 8.543839999999999
323 -4.43383 9.72715
324 -8.52924 7.9861
325 -6.74028 6.97937
326 -9.1282 11.897
327 -5.24527 8.32009
328 -7.071 7.00617
329 -7.97342 6.71177
330 -9.13284 9.29861
331 -6.2674 7.26938
332 -7.47835 9.237959999999999
333 -9.17559 6.18084
334 -10.9609 11.3274
335 -7.0629 7.94795
336 -7.4818 7.67754
337 -7.98601 7.82665
338 -8.086259999999999 9.74628
339 -7.9395 7.536
340 -7.11357 8.50394
341 -7.99991 7.1591
342 -5.99418 6.68067
343 -12.7016 13.1737
344 -6.19107 6.51498
345 -6.0394 6.1658
346 -7.70993 8.31819
347 -6.9121 6.68748
348 -7.93097 9.687250000000001
349 -9.120979999999999 8.289429999999999
350 -6.55153 5.60114
351 -7.56021 8.07948
352 -7.15056 6.96759
353 -9.40396 10.1876
354 -6.76935 6.85832
355 -8.10444 6.7834
356 -12.7896 12.1571
357 -8.279210000000001 8.139060000000001
358 -8.19061 6.86942
359 -6.46988 6.5749
360 -6.33442 5.55889
361 -8.279030000000001 5.40034
362 -9.2844 8.543839999999999
363 -4.43383 9.72715
364 -8.52924 7.9861
365 -6.74028 6.97937
366 -9.1282 11.897
367 -5.24527 8.32009
368 -7.071 7.00617
369 -7.97342 6.71177
370 -9.13284 9.29861
371 -6.2674 7.26938
372 -7.47835 9.237959999999999
373 -9.17559 6.18084
374 -10.9609 11.3274
375 -7.0629 7.94795
376 -7.4818 7.67754
377 -7.98601 7.82665
378 -8.086259999999999 9.74628
379 -7.9395 7.536
380 -7.11357 8.50394
381 -7.99991 7.1591
382 -5.99418 6.68067
383 -12.7016 13.1737
384 -6.19107 6.51498
385 -6.0394 6.1658
386 -7.70993 8.31819
387 -6.9121 6.68748
388 -7.93097 9.687250000000001
389 -9.120979999999999 8.289429999999999
390 -6.55153 5.60114
391 -7.56021 8.07948
392 -7.15056 6.96759
393 -9.40396 10.1876
394 -6.76935 6.85832
395 -8.10444 6.7834
396 -12.7896 12.1571
397 -8.279210000000001 8.139060000000001
398 -8.19061 6.86942
399 -6.46988 6.5749
400 -6.33442 5.55889
401 -8.279030000000001 5.40034
402 -9.2844 8.543839999999999
403 -4.43383 9.72715
404 -8.52924 7.9861
405 -6.74028 6.97937
406 -9.1282 11.897
407 -5.24527 8.32009
408 -7.071 7.00617
409 -7.97342 6.71177
410 -9.13284 9.29861
411 -6.2674 7.26938
412 -7.47835 9.237959999999999
413 -9.17559 6.18084
414 -10.9609 11.3274
415 -7.0629 7.94795
416 -7.4818 7.67754
417 -7.98601 7.82665
418 -8.086259999999999 9.74628
419 -7.9395 7.536
420 -7.11357 8.50394
421 -7.99991 7.1591
422 -5.99418 6.68067
423 -12.7016 13.1737
424 -6.19107 6.51498
425 -6.0394 6.1658
426 -7.70993 8.31819
427 -6.9121 6.68748
428 -7.93097 9.687250000000001
429 -9.120979999999999 8.289429999999999
430 -6.55153 5.60114
431 -7.56021 8.07948
432 -7.15056 6.96759
433 -9.40396 10.1876
434 -6.76935 6.85832
435 -8.10444 6.7834
436 -12.7896 12.1571
437 -8.279210000000001 8.139060000000001
438 -8.19061 6.86942
439 -6.46988 6.5749
440 -6.33442 5.55889
